A
00000000
11111110
11000110
11000110
11111110
11000110
11000110
11000110
B
00000000
11111100
11001100
11001100
11111110
11000110
11000110
11111110
C
00000000
11111100
11000000
11000000
11000000
11000000
11000000
11111110
D
00000000
11111100
11001100
11001100
11000110
11000110
11000110
11111110
E
00000000
11111100
11000000
11000000
11111100
11000000
11000000
11111110
F
00000000
11111110
11000000
11000000
11111100
11000000
11000000
11000000
G
00000000
11111100
11000000
11000000
11001110
11000110
11000110
11111110
H
00000000
11000110
11000110
11000110
11111110
11000110
11000110
11000110
I
00000000
00110000
00110000
00110000
00110000
00110000
00110000
00110000
J
00000000
00000110
00000110
00000110
00000110
00000110
00100110
00111110
K
00000000
11001100
11001100
11110000
11001000
11000110
11000110
11000110
L
00000000
11000000
11000000
11000000
11000000
11000000
11000000
11111110
M
00000000
11000110
11000110
11101110
11010110
11000110
11000110
11000110
N
00000000
11000110
11000110
11100110
11010110
11001110
11000110
11000110
O
00000000
11111110
11000110
11000110
11000110
11000110
11000110
11111110
P
00000000
11111100
11000110
11000110
11111110
11000000
11000000
11000000
Q
00000000
11111110
11000110
11000110
11000110
11010110
11011110
11111110
R
00000000
11111100
11000110
11000110
11111110
11001000
11000110
11000110
S
00000000
11111100
11000000
11000000
11111110
00000110
11000110
11111110
T
00000000
11111110
00110000
00110000
00110000
00110000
00110000
00110000
U
00000000
11000110
11000110
11000110
11000110
11000110
11000110
11111110
V
00000000
11000110
11000110
11000110
11000110
01000100
01101100
00111000
W
00000000
11000110
11000110
11000110
11010110
11101110
11000110
11000110
X
00000000
11000110
11000110
01101100
00111000
01101100
11000110
11000110
Y
00000000
11000110
11000110
01101100
00111000
00110000
00110000
00110000
Z
00000000
11111100
00001100
00001100
01111100
11000000
11000000
11111110
